25
6 8.0
8 9 1 10
15 13 0 6
12 0 0 2
11 5 3 4
6 9 3 3
3 19 0 1
7 16.0
16 16 2 8
8 2 1 8
19 8 1 7
13 11 1 3
18 16 3 4
19 1 1 9
19 12 0 8
12 28.0
1 4 2 6
5 19 3 4
12 14 1 2
8 13 3 7
0 15 3 5
11 13 1 8
8 15 1 7
17 2 2 3
4 11 3 10
14 1 2 3
3 6 3 8
10 3 3 7
7 11.0
16 15 0 4
6 9 0 2
15 0 1 3
10 14 1 10
6 12 0 6
0 14 3 3
18 12 0 5
8 52.0
16 2 2 9
12 0 1 3
12 13 0 2
5 13 0 10
18 14 3 7
11 9 0 6
1 4 0 8
14 15 3 7
14 1.0
2 3 3 3
13 7 3 8
12 9 2 10
18 11 0 5
8 6 1 7
16 4 3 3
0 3 2 5
19 10 0 7
11 13 1 3
3 16 0 3
7 8 2 2
12 5 3 5
13 0 3 1
3 1 0 8
7 82.0
17 13 3 6
19 15 1 5
17 12 3 10
11 15 3 4
7 2 1 1
14 10 3 5
1 11 1 9
10 39.0
0 0 0 7
5 17 2 9
10 4 2 7
3 13 3 9
13 5 3 1
16 8 3 5
16 6 0 6
16 14 3 10
13 8 2 4
3 18 1 6
9 44.0
18 10 0 4
16 5 1 10
14 7 3 7
13 14 1 8
7 16 3 2
11 6 0 2
4 9 3 6
19 7 1 5
4 17 1 4
15 74.0
0 13 0 2
0 5 0 7
2 4 3 5
12 14 3 7
8 15 0 10
3 5 1 5
17 4 2 1
15 19 3 5
6 16 0 10
19 18 1 6
7 13 2 1
1 11 0 3
4 9 3 9
1 7 2 1
10 10 3 7
3 8.0
6 6 2 9
10 7 3 3
4 5 0 1
4 40.0
12 8 2 5
10 16 1 10
3 11 3 6
13 5 1 1
12 2.0
11 1 2 10
4 1 1 2
0 0 2 2
13 10 0 6
16 2 0 9
13 11 1 1
10 14 1 5
5 5 2 7
13 8 3 3
1 9 2 9
14 1 1 9
5 19 3 6
4 85.0
4 15 1 2
5 18 0 9
19 7 0 3
10 18 3 3
5 56.0
13 19 2 3
13 19 0 6
19 18 2 5
8 17 0 3
14 0 3 7
1 90.0
5 13 3 2
11 35.0
12 10 3 8
8 5 2 2
18 13 0 3
7 18 0 5
4 7 3 7
19 11 3 5
6 10 2 4
6 10 1 10
9 18 1 9
5 17 3 2
6 4 3 2
8 61.0
4 1 3 6
18 3 3 8
17 12 0 7
5 18 3 5
0 6 2 1
16 8 1 8
10 19 3 7
10 16 2 6
2 63.0
17 5 1 5
4 5 3 10
13 80.0
17 17 2 8
7 10 3 9
2 4 2 7
3 5 3 8
7 5 1 5
16 8 0 10
15 19 0 10
11 7 0 5
11 1 0 1
19 18 3 2
18 1 2 2
16 13 2 3
19 15 3 1
4 8.0
6 4 0 8
14 18 0 6
4 10 1 2
2 15 1 3
13 64.0
19 7 2 8
4 7 0 5
2 3 2 2
14 3 2 9
11 14 2 2
7 12 2 6
10 13 0 3
16 18 1 10
8 7 1 4
1 12 2 9
19 4 0 9
3 13 3 1
6 15 0 10
7 96.0
19 4 0 5
9 4 3 1
10 6 0 4
0 16 0 9
14 8 0 9
9 13 3 6
9 9 2 5
10 88.0
5 7 3 10
10 0 2 7
17 10 3 10
1 14 2 6
11 17 0 2
15 14 1 1
3 9 1 3
11 10 2 1
3 8 1 8
18 6 0 8
12 42.0
2 19 0 7
11 6 2 4
0 16 0 6
4 1 2 4
3 15 3 4
3 0 0 6
18 4 0 1
14 6 3 9
5 8 1 3
17 8 2 2
9 17 0 5
7 14 2 5
